v,1,1 1 2 2
v,0,3 4 2 3
v,1,1 0 2 1
v,0,3 1 1 1
v,1,0 1 2 1
v,0,3 3 2 4
v,1,2 2 3 1
v,0,4 3 3 4
v,1,0 0 1 1
v,0,4 4 4 3
v,1,0 2 0 1
v,0,4 3 4 4
v,1,0 1 0 0
v,0,4 4 4 3
v,1,0 0 0 1
v,0,4 3 4 4
v,1,0 1 0 0
v,0,4 4 4 3
v,1,0 0 0 1
v,0,4 3 4 4
v,1,0 1 0 0
v,0,4 4 4 3
v,1,0 0 0 1
v,0,4 3 4 4
v,1,0 1 0 0
v,0,4 4 4 3
v,1,0 0 0 1
v,0,4 3 4 4
v,1,0 1 0 0
v,0,4 4 4 3
v,1,0 0 0 1
v,0,4 3 4 4
v,1,0 1 0 0
v,0,4 4 4 3
v,1,0 0 0 1
v,0,4 3 4 4
v,1,0 1 0 0
v,0,4 4 4 3
v,1,0 0 0 1
v,0,4 3 4 4
v,1,0 1 0 0
v,0,4 4 4 3
v,1,0 0 0 1
v,0,4 3 4 4
v,1,0 1 0 0
v,0,4 4 4 3
v,1,0 0 0 1
v,0,4 3 4 4
v,1,0 1 0 0
v,0,4 4 4 3
v,1,0 0 0 1
v,0,4 3 4 4
v,1,0 1 0 0
v,0,4 4 4 3
v,1,0 0 0 1
v,0,4 3 4 4
v,1,0 1 0 0
v,0,4 4 4 3
v,1,0 0 0 1
v,0,4 3 4 4
v,1,0 1 0 0
v,0,4 4 4 3
v,1,0 0 0 1
v,0,4 3 4 4
v,1,0 1 0 0
v,0,4 4 4 3
v,1,0 0 0 1
v,0,4 3 4 4
v,1,0 1 0 0
v,0,4 4 4 3
v,1,0 0 0 1
v,0,4 3 4 4
v,1,0 1 0 0
v,0,4 4 4 3
v,1,0 0 0 1
v,0,4 3 4 4
v,1,0 1 0 0
v,0,4 4 4 3
v,1,0 0 0 1
v,0,4 3 4 4
v,1,0 1 0 0
v,0,4 4 4 3
v,1,0 0 0 1
v,0,4 3 4 4
v,1,0 1 0 0
v,0,4 4 4 3
v,1,0 0 0 1
v,0,4 3 4 4
v,1,0 1 0 0
v,0,4 4 4 3
v,1,0 0 0 1
v,0,4 3 4 4
v,1,0 1 0 0
v,0,4 4 4 3
v,1,0 0 0 1
v,0,4 3 4 4
v,1,0 1 0 0
v,0,4 4 4 3
v,1,0 0 0 1
v,0,4 3 4 4
v,1,0 1 0 0
v,0,4 4 4 3
i,0,Match did not terminate