v,1,1 2 2 1
v,0,3 1 2 2
v,1,1 4 2 3
v,0,3 3 2 4
v,1,1 1 2 0
v,0,2 2 1 1
v,1,1 0 1 2
v,0,2 4 2 2
v,1,2 0 3 1
v,0,2 2 2 0
v,1,1 2 2 1
v,0,3 2 2 3
v,1,1 3 3 3
v,0,3 4 2 3
v,1,2 1 3 2
v,0,2 0 1 1
v,1,0 3 1 2
v,0,3 0 2 1
v,1,0 4 0 3
v,0,1 1 1 3
v,1,0 3 0 4
v,0,2 1 1 0
v,1,0 4 0 3
v,0,2 3 1 2
v,1,0 3 0 4
v,0,1 2 0 3
v,1,0 1 1 2
v,0,1 3 1 1
v,1,0 2 0 1
v,0,1 1 0 2
v,1,0 0 1 1
v,0,1 0 1 2
v,1,0 1 0 0
v,0,1 2 0 1
v,1,0 4 1 4
v,0,4 3 3 4
v,1,3 2 4 3
v,0,3 4 2 3
v,1,1 4 1 3
v,0,2 3 1 2
v,1,1 3 2 2
v,0,1 2 1 1
v,1,2 2 2 1
v,0,1 1 1 2
v,1,2 1 2 2
v,0,4 4 3 4
v,1,3 3 4 4
v,0,4 2 3 3
v,1,3 1 4 2
v,0,1 2 1 1
v,1,2 2 3 1
v,0,4 1 3 2
w,3 1 4 1,Bomber Reached Home